id_ex
                  20
0000000
id_ex
                  60
0000000
id_ex
                 100
0000000
id_ex
                 140
0000000
id_ex
                 180
0000000
id_ex
                 220
0000000
0000000
id_ex
                 260
0000000
0000000
id_ex
                 300
0010011
0000000
id_ex
                 340
0010011
0000000
id_ex
                 380
0010011
0000000
id_ex
                 420
0010011
0000000
id_ex
                 460
0110011
0100000
id_ex
                 500
1101111
0000000
id_ex
                 540
0000000
0000000
id_ex
                 580
0000000
0000000
id_ex
                 620
0000000
0000000
id_ex
                 660
0000000
0000000
id_ex
                 700
0000000
0000000
id_ex
                 740
0000000
0000000
id_ex
                 780
0010011
0000000
id_ex
                 820
0010011
0000000
id_ex
                 860
0010011
0000000
id_ex
                 900
0000000
0000000
id_ex
                 940
0000000
0000000
id_ex
                 980
0000000
0000000
id_ex
                1020
0000000
0000000
id_ex
                1060
0000000
0000000
id_ex
                1100
0000000
0000000
id_ex
                1140
0000000
0000000
id_ex
                1180
0000000
0000000
id_ex
                1220
0000000
0000000
id_ex
                1260
0000000
0000000
id_ex
                1300
0000000
0000000
id_ex
                1340
0000000
0000000
id_ex
                1380
0000000
0000000
id_ex
                1420
0000000
0000000
id_ex
                1460
0000000
0000000
id_ex
                1500
0000000
0000000
id_ex
                1540
0000000
0000000
id_ex
                1580
0000000
0000000
id_ex
                1620
0000000
0000000
id_ex
                1660
0000000
0000000
id_ex
                1700
0000000
0000000
id_ex
                1740
0000000
0000000
id_ex
                1780
0000000
0000000
id_ex
                1820
0000000
0000000
id_ex
                1860
0000000
0000000
id_ex
                1900
0000000
0000000
id_ex
                1940
0000000
0000000
id_ex
                1980
0000000
0000000
id_ex
                2020
0000000
0000000
id_ex
                2060
0000000
0000000
id_ex
                2100
0000000
0000000
id_ex
                2140
0000000
0000000
id_ex
                2180
0000000
0000000
id_ex
                2220
0000000
0000000
id_ex
                2260
0000000
0000000
id_ex
                2300
0000000
0000000
id_ex
                2340
0000000
0000000
id_ex
                2380
0000000
0000000
id_ex
                2420
0000000
0000000
id_ex
                2460
0000000
0000000
id_ex
                2500
0000000
0000000
id_ex
                2540
0000000
0000000
id_ex
                2580
0000000
0000000
id_ex
                2620
0000000
0000000
id_ex
                2660
0000000
0000000
id_ex
                2700
0000000
0000000
id_ex
                2740
0000000
0000000
id_ex
                2780
0000000
0000000
id_ex
                2820
0000000
0000000
id_ex
                2860
0000000
0000000
id_ex
                2900
0000000
0000000
id_ex
                2940
0000000
0000000
id_ex
                2980
0000000
0000000
id_ex
                3020
0000000
0000000
id_ex
                3060
0000000
0000000
id_ex
                3100
0000000
0000000
id_ex
                3140
0000000
0000000
id_ex
                3180
0000000
0000000
id_ex
                3220
0000000
0000000
id_ex
                3260
0000000
0000000
id_ex
                3300
0000000
0000000
id_ex
                3340
0000000
0000000
id_ex
                3380
0000000
0000000
id_ex
                3420
0000000
0000000
id_ex
                3460
0000000
0000000
id_ex
                3500
0000000
0000000
id_ex
                3540
0000000
0000000
id_ex
                3580
0000000
0000000
id_ex
                3620
0000000
0000000
id_ex
                3660
0000000
0000000
id_ex
                3700
0000000
0000000
id_ex
                3740
0000000
0000000
id_ex
                3780
0000000
0000000
id_ex
                3820
0000000
0000000
id_ex
                3860
0000000
0000000
id_ex
                3900
0000000
0000000
id_ex
                3940
0000000
0000000
id_ex
                3980
0000000
0000000
id_ex
                4020
0000000
0000000
id_ex
                4060
0000000
0000000
id_ex
                4100
0000000
0000000
id_ex
                4140
0000000
0000000
id_ex
                4180
0000000
0000000
id_ex
                4220
0000000
0000000
id_ex
                4260
0000000
0000000
id_ex
                4300
0000000
0000000
id_ex
                4340
0000000
0000000
id_ex
                4380
0000000
0000000
id_ex
                4420
0000000
0000000
id_ex
                4460
0000000
0000000
id_ex
                4500
0000000
0000000
id_ex
                4540
0000000
0000000
id_ex
                4580
0000000
0000000
id_ex
                4620
0000000
0000000
id_ex
                4660
0000000
0000000
id_ex
                4700
0000000
0000000
id_ex
                4740
0000000
0000000
id_ex
                4780
0000000
0000000
id_ex
                4820
0000000
0000000
id_ex
                4860
0000000
0000000
id_ex
                4900
0000000
0000000
id_ex
                4940
0000000
0000000
id_ex
                4980
0000000
0000000
id_ex
                5020
0000000
0000000
id_ex
                5060
0000000
0000000
id_ex
                5100
0000000
0000000
id_ex
                5140
0000000
0000000
id_ex
                5180
0000000
0000000
